,Id,TotalMinutesAsleep,TotalTimeInBed,LightlyActiveMinutes,FairlyActiveMinutes,VeryActiveMinutes
0,1503960366,360.28,383.2,219.93548387096774,19.161290322580644,38.70967741935484
1,1503960366,360.28,383.2,219.93548387096774,19.161290322580644,38.70967741935484
2,1927972279,417.0,437.8,38.58064516129032,0.7741935483870968,1.3225806451612903
3,4319703577,476.65384615384613,501.96153846153845,228.7741935483871,12.32258064516129,3.5806451612903225
4,4319703577,476.65384615384613,501.96153846153845,228.7741935483871,12.32258064516129,3.5806451612903225
5,4558609924,127.6,140.0,284.96774193548384,13.709677419354838,10.387096774193548
6,4558609924,127.6,140.0,284.96774193548384,13.709677419354838,10.387096774193548
7,4558609924,127.6,140.0,284.96774193548384,13.709677419354838,10.387096774193548
8,4558609924,127.6,140.0,284.96774193548384,13.709677419354838,10.387096774193548
9,4558609924,127.6,140.0,284.96774193548384,13.709677419354838,10.387096774193548
10,5577150313,432.0,460.61538461538464,147.93333333333334,29.833333333333332,87.33333333333333
11,6962181067,448.0,466.1290322580645,245.80645161290323,18.516129032258064,22.806451612903224
12,6962181067,448.0,466.1290322580645,245.80645161290323,18.516129032258064,22.806451612903224
13,6962181067,448.0,466.1290322580645,245.80645161290323,18.516129032258064,22.806451612903224
14,6962181067,448.0,466.1290322580645,245.80645161290323,18.516129032258064,22.806451612903224
15,6962181067,448.0,466.1290322580645,245.80645161290323,18.516129032258064,22.806451612903224
16,6962181067,448.0,466.1290322580645,245.80645161290323,18.516129032258064,22.806451612903224
17,6962181067,448.0,466.1290322580645,245.80645161290323,18.516129032258064,22.806451612903224
18,6962181067,448.0,466.1290322580645,245.80645161290323,18.516129032258064,22.806451612903224
19,6962181067,448.0,466.1290322580645,245.80645161290323,18.516129032258064,22.806451612903224
20,6962181067,448.0,466.1290322580645,245.80645161290323,18.516129032258064,22.806451612903224
21,6962181067,448.0,466.1290322580645,245.80645161290323,18.516129032258064,22.806451612903224
22,6962181067,448.0,466.1290322580645,245.80645161290323,18.516129032258064,22.806451612903224
23,6962181067,448.0,466.1290322580645,245.80645161290323,18.516129032258064,22.806451612903224
24,6962181067,448.0,466.1290322580645,245.80645161290323,18.516129032258064,22.806451612903224
25,6962181067,448.0,466.1290322580645,245.80645161290323,18.516129032258064,22.806451612903224
26,6962181067,448.0,466.1290322580645,245.80645161290323,18.516129032258064,22.806451612903224
27,6962181067,448.0,466.1290322580645,245.80645161290323,18.516129032258064,22.806451612903224
28,6962181067,448.0,466.1290322580645,245.80645161290323,18.516129032258064,22.806451612903224
29,6962181067,448.0,466.1290322580645,245.80645161290323,18.516129032258064,22.806451612903224
30,6962181067,448.0,466.1290322580645,245.80645161290323,18.516129032258064,22.806451612903224
31,6962181067,448.0,466.1290322580645,245.80645161290323,18.516129032258064,22.806451612903224
32,6962181067,448.0,466.1290322580645,245.80645161290323,18.516129032258064,22.806451612903224
33,6962181067,448.0,466.1290322580645,245.80645161290323,18.516129032258064,22.806451612903224
34,6962181067,448.0,466.1290322580645,245.80645161290323,18.516129032258064,22.806451612903224
35,6962181067,448.0,466.1290322580645,245.80645161290323,18.516129032258064,22.806451612903224
36,6962181067,448.0,466.1290322580645,245.80645161290323,18.516129032258064,22.806451612903224
37,6962181067,448.0,466.1290322580645,245.80645161290323,18.516129032258064,22.806451612903224
38,6962181067,448.0,466.1290322580645,245.80645161290323,18.516129032258064,22.806451612903224
39,6962181067,448.0,466.1290322580645,245.80645161290323,18.516129032258064,22.806451612903224
40,6962181067,448.0,466.1290322580645,245.80645161290323,18.516129032258064,22.806451612903224
